0.0000  278.15	288.15	298.15	308.15	323.15
0.0000	0.99996	0.99909	0.99704	0.99403	0.98803
0.0875	1.00016	0.99928	0.99722	0.99421	0.98820
0.1707	1.00036	0.99946	0.99740	0.99438	0.98837
0.2465	1.00055	0.99963	0.99757	0.99454	0.98853
0.3259	1.00075	0.99982	0.99774	0.99471	0.98870
0.4018	1.00095	1.00000	0.99791	0.99488	0.98886
0.5862	1.00148	1.00047	0.99835	0.99531	0.98927
0.7963	1.00211	1.00102	0.99886	0.99580	0.98975
1.0392	1.00289	1.00171	0.99949	0.99641	0.99034
1.3729	1.00401	1.00270	1.00040	0.99727	0.99115
1.9226	1.00605	1.00448	1.00201	0.99877	0.99262
3.2591	1.01169	1.00940	1.00644	1.00283	0.99637
4.3251	1.01641	1.01358	1.01020	1.00627	0.99945