0.000000000000000000e+00
-2.814059162403736991e-05
8.698621132197104089e-05
-8.552564395358785987e-05
2.668002425210147521e-05
0.000000000000000000e+00
-7.105427357601001859e-15
-7.105427357601001859e-15
3.552713678800500929e-15
0.000000000000000000e+00
0.000000000000000000e+00
0.000000000000000000e+00
0.000000000000000000e+00
0.000000000000000000e+00
-1.661714019007831666e-05
5.136573129504995450e-05
-5.050325998823268492e-05
1.575466888681376076e-05
-3.552713678800500929e-15
-3.552713678800500929e-15
-3.552713678800500929e-15
0.000000000000000000e+00
0.000000000000000000e+00
0.000000000000000000e+00
-3.552713678800500929e-15
-7.105427357601001859e-15
-3.552713678800500929e-15
-3.447005151002713319e-05
1.065513911306936734e-04
-1.047623088972216010e-04
3.268096928010777447e-05
0.000000000000000000e+00
-3.552713678800500929e-15
-3.552713678800500929e-15
3.552713678800500929e-15
-3.552713678800500929e-15
-1.065814103640150279e-14
-3.552713678800500929e-15
7.105427357601001859e-15
-3.552713678800500929e-15
-2.429623484090370766e-05
7.510280687128556565e-05
-7.384177126468216557e-05
2.303519923785302126e-05
0.000000000000000000e+00
0.000000000000000000e+00
-3.552713678800500929e-15
3.552713678800500929e-15
-3.552713678800500929e-15
-3.552713678800500929e-15
-3.552713678800500929e-15
0.000000000000000000e+00
1.625367490616099531e+00
1.658811740310110139e+00
1.690130291414853048e+00
1.718116110694346332e+00
1.747342699386152276e+00
1.774956804095655372e+00
1.840642417536283659e+00
1.913099994151998828e+00
1.994134257970280544e+00
2.100922747671798874e+00
2.264982990486267056e+00
2.616690426216539578e+00
2.857339593491364127e+00
